0000000000000000000000000000000000000000
1111111011100000000000000000000000000000
1111111100110100000000000000000000000000
1111111100101100000000000000000000000000
1111111101010100000000000000000000000000
1111111101011100000000000000000000000000
1111111111110101000010000010000000000000
1111111100111000000000000000000000000000
1111111110000000000000000000000000000000
0000000000000000000000000000000000000000
0000000000000000000000000000000000000000
1111111011101000000011000000000000000000
1111111000110000000000001110001000000000
0000000000000000000000000000000000000000
0000000000000000000000000000000000000000
0000000000000000000000000000000000000000
0000000000000000000000000000000000000000
0000000000000000000000000000000000000000
0000000000000000000000000000000000000000
1111111111101000000001110010000000001000
0000000000000000000001101010000000000000
1111111111100000000000001100000000000000
1111111110000000000001110000000000000000
0000000000000000000000000000000000000000
1111111100000000000000000000000000000000
1111111011000000001000100000000000100111
0000000000000000000000000000000000000000
1111111011101000000111100000000000000000
1111111111101000000000010010000000000000
1111111111011000000000010000001100000000
0000000000000111110001100000000000000000
1111111100001000000000000000000000000000
1111111111110100000000000010000000000000
1111111111011000000001110000001000000000
1111110110100101000010000010000000000000
0000000000000000000000001110001000000000
1111110110101101000010000010000000000000
0000000000001000000000001110001000000000
1111111111101000000010110010000000001000
0000000000011101000010000010000000000000
1111111111101000000010000010001001000000
1111111111101101000010000100001000000000
1111111111101101000010000100000000100110
1111111111110101000010000010001000001000
0000000000000000000000000000000000000000
1111111111110101000010000010010000100111
0000000000100000000000001110001000000000
1111111111101000000010010100000000001000
1111111111110101000010000010000000000000
1111111111101101000010000010000000100011
0000000000101000000000001110001000000000
0000000000101000000010100010000000000000
0000000000010000000000001110001000000000
0111111111110000000011100010000000000000
0111111111110000000011010011010000000000
0111111111111000000011000010001000000000
1111111111011000000011010000001000000000
1111111111011000000011100001001000000000
0000000000000000000011010010000000000000
0000000001001000000000001110001000000000
0000000000001000000011010010000000000000
0000000010010000000000001110001000000000
0000000000010101000010000010000000000000
1111111111011110001000100000001000000000
0000000000010101000010000010000000001000
1111111111101000000011110010000000000000
1111111111110101000010000010000000100110
0000000000110000000000001110001000000000
0000000001110000000100110010000000000000
0000000001101000000101000010001000000000
0000000001011000000100110011010000000000
0000000001010000000101000010001000000000
0000000001001000000100000010001000000000
0000000001000000000100010010001000000000
0000000000111000000100100010001000000000
0000000001100000000000001110001000000000
0000000001111000000000001111001000000000
0000000010111000000110000010000000000000
0000000010110000000110010010001000000000
0000000010100000000110000011010000000000
0000000010011000000110010010001000000000
0000000010010000000101010010001000000000
0000000010001000000101100010001000000000
0000000010000000000101110010001000000000
0000000010101000000000001110001000000000
0000000011000000000000001111001000000000
0000000000110101000010000010000000000000
1111111111011110001000110000001000000000
0000000001100101000010000010000000000000
1111110110110000000000001110001000000000
0000000010101101000010000010000000000000
1111110110111000000000001110001000000000
0000000000000000000000000000000000000000
1111111000110000000000000000000000000000
0000000000000000000000000000000000000000
1111111011000000000011110000000000000000
0000000000000000000000000000000000000000
